abed, 718
abhorred, 2802
abide, 1350, 2083
abjure, 2253
abound, 2222
abroad, 2502, 2936
absence, 1345, 1541
absent, 2673
absolute, 370, 1761, 2158
abuse, 764, 1661
accents, 970
access, 485
accompany, 2597
according, 1300, 2771
account, 630, 2462
accounted, 2088
accursed, 1771, 1964, 2236, 2865
accustomed, 2448
acheron, 1687
acquaint, 1339
act, 312, 631, 1115, 1249
acted, 1658
acting, 2223
action, 2448
actions, 2006
acts, 1986
actual, 2431
adage, 636
add, 1825, 2358
added, 2161
adder, 1808
addition, 282, 1302
address, 823
adhere, 645
adieu, 1161, 1228
admired, 1622
advance, 2682
advantage, 2670
advice, 1213, 2078
advise, 1338, 1766
afeard, 271, 631, 2460
affair, 1470
affairs, 1676
affection, 2202
affeer, 2153
affliction, 1385
afoot, 2330
afraid, 799, 854, 2305, 2641, 2795
afternoon, 1211
age, 2317, 2597
agent, 678
agents, 1423
agitation, 2431
ague, 2696
aid, 332, 463, 1751
aim, 1096
air, 65, 252, 435, 535, 544, 607, 969, 1512, 1563, 1691, 1957, 1974, 2308, 2341, 2857
alack, 799
alarm, 2526
alarum, 71, 766, 995, 2754, 2832
alarums, 2783, 2809, 2820, 2884
alas, 1017, 1141, 2088, 2304
aleppo, 173
alike, 1303
alive, 1613, 1735, 2742
allegiance, 739
aloud, 2926
alter, 521
amaking, 1526
amazed, 1049, 2509
amazedly, 1954
amazement, 1131
ambition, 453, 611, 1148
amen, 826, 828, 831, 832, 2302
amend, 2277
amends, 1685
amiss, 1034
angel, 1768, 2862
angels, 603, 2139
anger, 1734, 2386
angerly, 1672
angry, 2133
angus, 25, 262, 276, 287, 296, 372, 2520, 2527, 2540
annoyance, 2507
anointed, 986
anon, 63, 916, 1348, 1496, 2272, 2735
answer, 1764, 1852, 1861, 1865, 2340
anteroom, 2415
antic, 1958
anticipatest, 1981
antidote, 2624
antony, 1252
apace, 1444
apart, 1347
appal, 1560
appals, 863
apparition, 1876, 1881, 1889, 1891, 1893, 1903, 1911
apparitions, 40
appear, 2750
appears, 1947
appease, 2133
appetite, 1531
applaud, 1416, 2634, 2635
apply, 1398
appoint, 966
approach, 409, 990, 1610, 2077, 2262
approaches, 1445, 1497, 2678
approve, 539
arabia, 2477
arbitrate, 2681
argument, 1063
aright, 1885
arm, 106, 143, 1611, 2749
armed, 1876
armor, 2610, 2614, 2629
arms, 109, 2815
army, 21, 2763
aroint, 172
arrived, 2895
art, 86, 368, 376, 449, 450, 453, 630, 632, 749, 750, 1504, 1506, 1680, 1884, 1924, 2275, 2922
artificial, 1698
aside, 295, 298, 302, 310, 313, 327, 333, 412, 625, 1062, 1064, 1070, 1509, 1981, 2643
ask, 619, 1862, 2311
asleep, 656, 2441
assailable, 1408
assassination, 587
assault, 110
assay, 2275
assistance, 1330
assisted, 139
assurance, 1898
attempt, 800, 1759
attend, 454, 1239, 1365, 1636, 2675
attendant, 29, 1238, 1241, 1242, 1269, 1272
attendants, 40, 73, 532, 1199, 1480, 2566
attended, 125
attending, 33
attire, 209
audit, 568
auger, 1067
aught, 212
augment, 738
augures, 1641
authorized, 1567
avarice, 2203, 2211
avaricious, 2181
avaunt, 1602
avoid, 1096
avoided, 2849
avouch, 1326
avouches, 2750
awake, 994, 996
awaked, 800, 951
away, 365, 679, 932, 1068, 1098, 1145, 1471, 1706, 2103, 2643
aweary, 2752
babe, 606, 648, 1823
babes, 1989, 2010, 2356
baboon, 1829
baby, 1616, 1908
backs, 1232
backward, 2699
bad, 1165, 1425
bade, 98, 281, 1254
badged, 1041
baited, 2878
bake, 1805
balls, 1949
balm, 840
bane, 2642
banish, 2241
bank, 590
banners, 136, 2693
banquet, 420, 1478
banquets, 1755
banquo, 20, 39, 112, 205, 208, 221, 238, 239, 250, 254, 258, 260, 284, 298, 302, 326, 330, 335, 343, 372, 390, 394, 418, 530, 537, 700, 702, 704, 706, 718, 727, 734, 737, 742, 743, 996, 999, 1013, 1015, 1019, 1072, 1185, 1187, 1207, 1212, 1217, 1222, 1230, 1233, 1244, 1260, 1265, 1284, 1320, 1352, 1363, 1398, 1406, 1447, 1457, 1461, 1463, 1464, 1500, 1514, 1535, 1538, 1595, 1724, 1924, 1938, 1940, 1951, 2490
bare, 1529
barefaced, 1325
bark, 190
barren, 1257
basis, 2151
bat, 1409, 1807
bath, 839
bathe, 119
batter, 2323
battle, 57, 2769
battlements, 100, 481
bear, 274, 512, 600, 666, 1610, 1679, 1702, 2577, 2662, 2788, 2815, 2859
beard, 2698
beards, 215
bearing, 700
bears, 288, 1947
beast, 640
beat, 2065, 2699
beaten, 2774
beauteous, 1126
bed, 542, 745, 923, 2423, 2425, 2494, 2498, 2500
beds, 2487
beetle, 1411
beg, 230, 2820
began, 110, 140, 2736
beggar, 1292
begin, 1422, 2746
beguile, 511
begun, 389, 1425
behold, 1570, 1627, 2593, 2922
beldams, 1673
belief, 244, 2329
believe, 941, 2124, 2125
believed, 2868
bell, 745, 775, 776, 995, 1001, 2754
bellman, 791
bellona, 141
belt, 2539
belzebub, 897
bend, 677
beneath, 2159
benediction, 2290
benefit, 2429
benison, 1164
bent, 1652
best, 882, 1470, 1487, 1504, 1527, 1956, 2021, 2284, 2812
bestow, 1223
bestows, 1743
bestride, 2119
betimes, 1651, 2300
betray, 307, 2258
better, 1218, 1386, 1501, 1635, 2188, 2337, 2844, 2866
beware, 1881, 1882
bid, 421, 551, 744, 991, 1326, 1436, 1917
bidding, 1646
bides, 1515
bids, 2362
bind, 406
bird, 542, 973, 2041
birds, 2014, 2038, 2043
birnam, 1914, 1920, 2527, 2558, 2569, 2642, 2650, 2660, 2735, 2747, 2879
birth, 1745, 1822
birthdom, 2119
black, 415, 1410, 1423, 1839, 1848, 2173, 2245, 2581
blade, 759, 2858
bladed, 1856
blame, 1542, 2548
blames, 2253
blanch, 1629
blanket, 494
blaspheme, 2236
blaspheming, 1818
blast, 606
blasted, 247
bleed, 859, 2150, 2857
bleeding, 74, 2525
bleeds, 2160
bless, 826, 829, 2075
blessed, 1026
blessing, 832, 1770, 2031
blessings, 2292
blind, 1808
blisters, 2128
blood, 484, 671, 759, 852, 866, 1037, 1041, 1053, 1092, 1497, 1578, 1603, 1639, 1643, 1655, 1829, 1869, 1951, 2464, 2475, 2776, 2851
bloodier, 2853
bloody, 76, 95, 593, 761, 1076, 1093, 1116, 1139, 1223, 1322, 1418, 1755, 1889, 1893, 2180, 2232
blow, 181, 589, 608, 2754
blown, 968, 1856
blows, 1312
blunt, 2386
boasting, 1990
bodements, 1918
body, 1153, 2480, 2882
boil, 1801, 1805, 1811
boiling, 1790
bold, 963, 1559, 1893
bolter, 1951
bond, 1420, 1899
boneless, 650
bones, 1156, 1603, 2609
bonfire, 916
book, 510
boot, 2156
bore, 2237
born, 605, 1896, 2571, 2573, 2789, 2805, 2807, 2860, 2880
borne, 601, 1281, 1411, 1722, 1736, 2327
borrow, 286
borrower, 1219
bosom, 153, 739, 2479, 2624
bosoms, 1307, 2116
botches, 1343
bough, 2661
boughs, 2763
bought, 623, 2897
bound, 1513, 1918, 1942
boundless, 2190
bounteous, 1300
bounty, 2219
bove, 1702
bow, 1291
boy, 32, 702, 2570, 2587
brag, 1030
braggart, 2388
brain, 336, 660, 752, 2622
brains, 651, 1582
brainsickly, 848
brandish, 94, 2807
brave, 81, 93
bravely, 2826
breach, 1054, 2542
break, 103, 641, 2362, 2870
breast, 2241, 2345
breasts, 488
breath, 253, 475, 540, 774, 1922, 2600, 2775
breech, 1057
breed, 543, 1520, 2236, 2503
brew, 1069
bridegroom, 141
brief, 2720
briefly, 1083
bright, 1396, 2139
brightest, 2139
brinded, 1793
bring, 668, 850, 958, 1242, 1977, 1993, 2390, 2568, 2640
brings, 478
broad, 556, 1512, 1740
broil, 83
broke, 985, 1127, 1620, 2257
broth, 1811
brother, 2529
brought, 1642, 2905
brow, 1908, 1942
brows, 2140, 2360
bruited, 2819
bubble, 1803, 1811, 1813, 1828
bubbles, 250
buckle, 2538
buffets, 1312
building, 987
built, 370
burial, 149
buried, 2490
burn, 1803, 1813, 1828, 2524
burned, 434
bury, 1573
business, 516, 555, 621, 732, 761, 1005, 1306, 1331, 1693
butcher, 2938
buttress, 541
buy, 2047, 2048
cabin, 1513
caesar, 1252
caithness, 26, 2520, 2529, 2535, 2551
calendar, 1964
calling, 2935
calls, 63, 1006, 2941
came, 273, 436, 1972, 1976, 2326, 2442
camest, 134
camp, 71
cancel, 1419
candle, 2720
candles, 707
cannons, 116
canst, 1550, 1571, 2620
capital, 293
caps, 2312
captains, 112
captivity, 81
card, 183
care, 421, 838, 1571, 1912, 2744
careless, 366
carnegie, 688, 1173, 1780, 2405
carousing, 925
carried, 1073, 1154
carry, 851, 1949
carved, 96
cases, 592
casing, 1512
cast, 625, 946, 2632
castle, 428, 528, 534, 579, 698, 1106, 1987, 1999, 2355, 2415, 2564, 2689, 2694, 2761, 2783, 2824, 2831
castles, 1857
cat, 636, 1793
catalogue, 1294
catch, 452, 587, 1696
cauldron, 1790, 1796, 1803, 1805, 1813, 1828, 1836, 1929
cause, 1227, 1740, 2344, 2539, 2905
causes, 1654, 2525
caution, 1766, 1884
cavern, 1790
cawdor, 13, 140, 152, 219, 242, 245, 259, 281, 285, 295, 300, 304, 316, 355, 411, 438, 449, 499, 560, 845, 1187
cawdron, 1826
cease, 2029
celebrates, 765
censures, 2675
ceremony, 1528
certain, 1125, 1327, 2530, 2537, 2681
cestern, 2186
chafes, 1912
chalice, 596
challenge, 1539
chamber, 672, 816, 874, 990, 1040
chamberlains, 659
chambers, 2657
champion, 1267
chance, 327, 1025, 1317, 2265
chanced, 340
chaps, 99
charge, 248, 794, 2137
charged, 2478, 2851
charges, 693, 1178, 1785, 2410
charm, 203, 1810, 1830, 1957, 2861
charmed, 1801, 2859
charms, 1677, 1690
charnel, 1572
chastise, 461
chawdron, 1825
cheaply, 2897
check, 2152
cheeks, 1629, 2588
cheer, 1525, 1955, 2397, 2594
cherubin, 606
chestnuts, 170
chickens, 2374
chid, 1252
chief, 841, 1201
chiefest, 1704
child, 1889, 1903, 2144, 2244
childhood, 859
children, 257, 298, 385, 668, 2321, 2363, 2364, 2372, 2813
chimneys, 968
choke, 86
choppy, 213
choughs, 1642
christendom, 2338
chuck, 1415
churches, 1854
claim, 1063
clamor, 675, 973
clamorous, 2776
clatter, 2818
clean, 866, 2468
cleanse, 2624
clear, 520, 602, 739, 2643
clearness, 1342
clears, 875
cleave, 331, 735
clept, 1297
climb, 2029
cling, 85, 2743
clock, 703, 1116
clogs, 1764
cloister, 1410
close, 1381, 1678, 2441
closed, 1301
closet, 2424
cloud, 1624, 1708
cloudy, 1762
clutch, 747
cock, 925
coign, 541
cold, 137, 774, 911, 1603, 1798, 2196
colme, 150
colmekill, 1154
color, 872
colors, 1056, 2518, 2650, 2691, 2764, 2891
combined, 290
combustion, 971
come, 62, 105, 195, 197, 330, 333, 344, 358, 481, 488, 491, 518, 591, 747, 907, 908, 909, 1192, 1266, 1348, 1394, 1416, 1462, 1592, 1660, 1688, 1696, 1706, 1709, 1769, 1852, 1873, 1915, 1935, 1955, 1965, 1993, 2178, 2394, 2492, 2496, 2629, 2631, 2642, 2694, 2748, 2754, 2879
comes, 126, 469, 505, 951, 1136, 1509, 1842, 2272, 2297, 2440, 2453, 2749, 2918
comest, 2729
comfort, 104, 1408, 2335, 2340, 2918
comforted, 2369
coming, 440, 473, 515, 2335, 2528, 2617, 2739
command, 956, 1208, 1334, 2261, 2444, 2543
commanded, 1886
commands, 2543
commencing, 316
commend, 1232, 1834
commendations, 419
commends, 595
commercial, 692, 1177, 1784, 2409
commission, 356
committed, 905
common, 1264, 1331
companions, 1376
company, 1344, 1543
compared, 2176
comparisons, 142
compass, 2924
compell, 107
complete, 686, 1171, 1778, 2403
compose, 670
composed, 2202
composition, 148
compt, 567
compunctious, 486
conceive, 982
concern, 2343
conclude, 144
concluded, 1352
conclusion, 938
concord, 2224
condemn, 2550
conduct, 571
conference, 1280
confess, 293, 360
confessing, 1225
confident, 2666
confin, 1513
confineless, 2176
confirm, 2436, 2608, 2901
conflict, 140
confound, 1855, 2226
confounds, 801
confronted, 142
confused, 971
confusion, 984, 1700
conjure, 1851
consent, 735
consequence, 308, 587
consequences, 2572
consider, 830, 1276
consort, 1087
conspirers, 1912
constancy, 877
constrained, 2672
construction, 368
contend, 268, 556, 796
contending, 1128
content, 723, 1369
contented, 1085
continent, 2187
continually, 2444
continue, 572, 2449
contradict, 1020
contriver, 1678
convert, 2386
convey, 2195
convince, 660
convinces, 2275
cool, 1829, 1991, 2704
copies, 689, 690, 1174, 1175, 1781, 1782, 2406, 2407
copy, 1407
copyright, 687, 1172, 1779, 2404
corn, 1856
corner, 1694
corporal, 252, 678
couldst, 884, 2631
council, 1215
counsel, 740
counselors, 2589
countenance, 1001
counterfeit, 997
country, 292, 1537, 1771, 2150, 2159, 2167, 2261, 2304, 2518, 2554, 2613
countryman, 2298
courage, 655, 1059, 2220
couriers, 607
course, 840, 2788
coursed, 561
court, 698, 1363, 1450, 1746, 1768
cousin, 101, 374, 1158, 2030, 2299, 2768
cousins, 309, 1223, 2656
coveted, 2256
cow, 2866
coward, 634, 2871
coz, 2019
crack, 1945
cracks, 116
cradle, 542
crave, 2137
craves, 148
craving, 1228
crazed, 1284
cream, 2581
create, 2332
creation, 751
credulous, 2249
creeps, 2717
crests, 2858
crew, 2273
cribb, 1513
crickets, 809
cried, 820, 826, 843, 846
cries, 172, 457, 1795, 2883
crime, 2222
croaks, 480
cross, 1281
crow, 1421
crown, 303, 328, 464, 483, 1257, 1941, 1986, 2944
crowned, 1903
crowns, 1584
cruel, 1019, 1225, 2023, 2937
cruelty, 484, 2081
crying, 2104
cumberland, 402, 412
curbing, 144
cure, 2274, 2371, 2619
cures, 2286
curs, 1295
curse, 1928, 2878
cursed, 710, 2923
curses, 2600
curtain, 764
custom, 1607, 1922
cut, 1503, 1504, 2204, 2389
cyme, 2636
dagger, 746, 751, 1563
daggers, 672, 801, 850, 857, 1042, 1057, 1092
dainty, 1097
dam, 2375
dame, 2075
dames, 2197
damn, 1975, 2178, 2581, 2883
damnation, 604
damned, 91, 1729, 2456
dance, 1961
danger, 1382, 2077
dangerous, 2088
dare, 635, 638, 855, 1559, 1609, 1614, 1675, 2022, 2083, 2152, 2510, 2601
dareful, 2698
dares, 639, 674, 1246
dark, 495, 1117, 1220, 1347, 1817
darkness, 306, 1119
dash, 651
daughters, 2184
dauntless, 1247
day, 186, 207, 269, 334, 338, 432, 657, 839, 1116, 1118, 1141, 1215, 1417, 1422, 1442, 2160, 2239, 2398, 2717, 2718, 2827, 2897
days, 517, 1799, 2233, 2656
dead, 475, 763, 858, 1028, 1386, 1723, 2036, 2044, 2045, 2069, 2310, 2713, 2904, 2938
deadly, 2371
deaf, 2504
deal, 2250
dear, 1020, 1405, 1595, 2524
dearest, 365, 442, 504, 1415, 2019
death, 153, 241, 272, 364, 663, 676, 796, 839, 969, 997, 998, 1310, 1517, 1676, 1701, 2358, 2588, 2641, 2720, 2776, 2912
debt, 2899
deceitful, 2181
deceive, 153
decision, 2678
dedicate, 2199
deed, 598, 608, 801, 808, 875, 882, 1122, 1139, 1146, 1413, 1416, 1662, 1850, 1983, 1991
deeds, 774, 834, 2503
deep, 362, 415, 556, 604, 1245, 2600
deeper, 2211
deepest, 308
deeply, 830
deer, 2357
defect, 725
defense, 274, 2089
deftly, 1874
degrees, 1482
deign, 149
delicate, 544
delight, 961, 2259
delights, 1956
delinquents, 1731
deliver, 442, 1823
delivers, 1439
demand, 1864
demerits, 2383
demi, 1296
denies, 1645
deny, 1735, 1927, 2601
depart, 1935
descended, 813
descends, 1883, 1896, 1915
desert, 50, 1614, 2341
deserve, 2131
deserved, 378, 391
deservers, 405
deserves, 93, 289
design, 769
desire, 434, 632, 930, 1369, 2187, 2205, 2926
desired, 1213
desires, 415
desolate, 2115
despair, 2286, 2861
despise, 2351
destiny, 1688
destroy, 990, 1371
destroying, 2209
destruction, 1371, 1861
detraction, 2252
devil, 284, 859, 903, 913, 1560, 2178, 2258, 2581, 2799
devilish, 2246
devotion, 2220
devour, 2198
dew, 2557
diamond, 721
did, 195, 273, 290, 359, 629, 645, 810, 820, 822, 823, 829, 850, 942, 956, 966, 974, 1047, 1048, 1131, 1139, 1284, 1286, 1436, 1466, 1503, 1505, 1550, 1647, 1674, 1730, 1761, 1960, 1975, 2143, 2188, 2303, 2324, 2373, 2380, 2734
didst, 83, 271, 808, 1505
die, 359, 797, 1582, 2755, 2843
died, 364, 1025, 1378, 2239, 2485, 2714, 2903
dies, 1465, 2103
digestion, 1531
digg, 1817
dignities, 558
dignity, 2480
diminutive, 2014
dire, 971, 2333
direction, 1440, 2251
directly, 2501
direful, 103
direness, 2708
direst, 484
disasters, 1316
disbursed, 150
discharge, 2504
discomfort, 105, 2034
discovery, 2664
disdaining, 94
disease, 2279, 2483, 2633
diseased, 2620
disgrace, 1742, 2034
disguising, 1403
dishes, 581
dishonors, 2147
disjoint, 1383
disloyal, 139
dismal, 140, 1692, 2706
dismay, 111
dismiss, 1882
disorder, 1622
dispatch, 516, 1502, 2631
displaced, 1620
disposition, 1626
dispute, 2376
disseat, 2594
distance, 1323, 1767
distemper, 2538
distill, 1697
distinguishes, 1298
distracted, 1044
distresses, 2333
distributed, 691, 1176, 1783, 2408
distribution, 692, 1177, 1784, 2409
ditch, 1515, 1823
divers, 581
divine, 2505
division, 2222
doctor, 35, 36, 2270, 2273, 2278, 2417, 2419, 2428, 2434, 2442, 2445, 2447, 2453, 2465, 2471, 2478, 2481, 2483, 2493, 2500, 2502, 2511, 2566, 2615, 2616, 2626, 2630, 2631, 2638, 2643
does, 538, 647, 837, 927, 966, 1089, 1119, 1230, 1301, 1452, 1941, 2012, 2057, 2077, 2236, 2319, 2361, 2447, 2534, 2540, 2544, 2549, 2615, 2750
doff, 2333
dog, 1807
dogs, 1297, 2628
doing, 383, 386
dollars, 151
dolor, 2123
domestic, 1392
donalbain, 19, 73, 352, 530, 817, 996, 1032, 1034, 1062, 1064, 1070, 1086, 1090, 1144, 1729, 2529
doom, 999, 1945
door, 599, 962, 1271, 1492, 1497
doors, 793
dost, 458, 1605, 2744
doth, 197, 318, 463, 680, 1248, 2317
double, 116, 554, 596, 1802, 1812, 1827, 1898, 2868
doubly, 118
doubt, 2077, 2577, 2658, 2746
doubtful, 84, 1371
doubts, 1514, 2143
downfall, 2119
download, 693, 1178, 1785, 2410
downy, 997
drab, 1823
dragon, 1814
drain, 184
draw, 754, 1700, 2644
drawn, 1029, 1563
dread, 1981
dreadful, 1112, 1413
dreams, 763, 1386
dreamt, 728
drenched, 663
dress, 285, 627
drink, 744, 926, 927, 932, 941, 1496, 1594, 1732
droop, 1422
drop, 1328, 1695, 2555
drops, 398
drown, 609, 2557
drowse, 1422
drowsy, 1411
drug, 2637
drugg, 794
drum, 195, 196, 2518, 2650, 2691, 2891
drunk, 627, 788
dry, 184
dst, 1189, 1866
dudgeon, 759
dues, 444
duff, 1020
dull, 336
duncan, 12, 19, 20, 73, 76, 101, 111, 123, 134, 146, 152, 156, 352, 355, 367, 388, 396, 411, 418, 481, 505, 530, 534, 548, 560, 570, 601, 656, 665, 777, 884, 1052, 1125, 1153, 1261, 1389, 1564, 1723, 1737, 1744
dunnest, 492
dunsinane, 1914, 2518, 2535, 2570, 2642, 2643, 2667, 2748, 2749, 2879
durst, 642
dusty, 2720
duties, 384, 385, 1209, 1598, 1960
dwarfish, 2546
dwell, 1371
dwindle, 189
dying, 2313
eagles, 114
ear, 460, 1011, 1581, 2098, 2800, 2870
earl, 27
earls, 2932
earnest, 280, 315
ears, 1892, 2351
earth, 210, 250, 769, 974, 1119, 1602, 1918, 2226
earthly, 2086
easier, 1162
east, 2156
easy, 876, 1089, 2856
eat, 1130, 1384, 2696
eaten, 255, 1870
echo, 2634
eclipse, 1820
ecstasy, 1389, 2310
edge, 1988, 2816
edward, 1747
effect, 488
effects, 2429
egg, 2099
eighth, 1947
elder, 18
eldest, 401
electronic, 686, 689, 1171, 1174, 1778, 1781, 2403, 2406
elves, 1837
embrace, 1346
eminence, 1399
emptying, 2192
enchanting, 1838
encounter, 1494
end, 589, 1583, 1692, 2907, 2946
ends, 1684, 2242
endure, 2668, 2738
enemy, 1264, 1307, 1320, 1704
england, 49, 1089, 1224, 1768, 1978, 1979, 2163, 2282, 2335
english, 27, 34, 908, 1746, 2522, 2575, 2590, 2637
enkindle, 303
enow, 901, 2065
enrage, 2386
enrages, 1632
enter, 128, 205, 262, 352, 372, 466, 497, 546, 583, 614, 713, 805, 870, 921, 949, 979, 1003, 1013, 1023, 1032, 1134, 1198, 1269, 1373, 1457, 1492, 1600, 1832, 1846, 1967, 2073, 2092, 2270, 2295, 2438, 2579, 2604, 2711, 2727, 2792, 2809, 2822, 2831, 2846, 2891, 2920
enterprise, 641
enters, 1535
entomb, 1119
entrails, 1797
entrance, 480, 1055
entreat, 731
entry, 874
epicures, 2575
equivocate, 906
equivocates, 939
equivocation, 2746
equivocator, 903, 907, 934
erbear, 2188
ere, 58, 923, 1384, 1409, 1410, 1578, 1579, 1658, 1693, 1696, 1769, 2313
erfraught, 2362
erleap, 413
erleaps, 611
err, 2664
ertook, 1983
escapes, 1465
especially, 927
establish, 400
estate, 400, 2753
esteem, 633, 634, 2175
eternal, 1263, 1928
eterne, 1407
etext, 688, 1173, 1780, 2405
event, 2675
events, 972
everlasting, 916
evil, 2280
evils, 2179, 2240
exasperate, 1758
excite, 2526
execution, 95, 355, 1307
exeunt, 65, 157, 344, 422, 522, 573, 681, 743, 885, 993, 1086, 1100, 1166, 1238, 1351, 1426, 1472, 1638, 1662, 1710, 1773, 1993, 2105, 2398, 2512, 2558, 2644, 2683, 2755, 2777, 2832, 2884, 2945
exiled, 2935
exit, 125, 417, 478, 745, 778, 861, 964, 1233, 1242, 1272, 1353, 1367, 1523, 1574, 1617, 1708, 2035, 2083, 2104, 2278, 2591, 2702, 2807, 2820
expectation, 899, 1450
expedition, 1051
expense, 2929
expire, 2312
exploits, 1981
exposure, 1075
extend, 1557
eye, 416, 417, 512, 608, 858, 1332, 1399, 1417, 1806, 2285, 2331
eyeballs, 1941
eyes, 131, 757, 762, 864, 1132, 1605, 1934, 1944, 2388, 2445, 2508
face, 368, 510, 649, 680, 1119, 1499, 2121, 2586, 2589, 2591, 2811
faced, 97, 2581
faces, 860, 1041, 1402, 1568, 2090
fact, 1729
faculties, 601
fail, 653, 654, 656, 1221, 1740
fain, 2601
faint, 122
fair, 64, 207, 222, 564, 2075
fairer, 2912
fairest, 679
fairies, 1837
faith, 903, 908, 925, 2257, 2542
faithful, 1756
falcon, 1123
fall, 413, 1150, 1329, 1928, 2193, 2596, 2858
falls, 612
false, 455, 680, 751, 1089, 2181, 2259, 2574, 2741
familiar, 2708
famine, 2696, 2743
fan, 137
fancies, 1376, 2617
fantastical, 223, 322
far, 208, 376, 1216, 1217, 1655
fare, 2153, 2239, 2772
farewell, 98, 447, 1163, 1233
farmer, 899
farrow, 1870
farther, 1721
fast, 2118, 2427, 2441
fatal, 480, 749, 791, 1692
fate, 463, 1066, 1266, 1347, 1701, 1899
father, 803, 1038, 1114, 1163, 1192, 1255, 1346, 1729, 1739, 2032, 2036, 2044, 2045, 2052, 2068, 2070, 2237
fatherless, 2032
favor, 336, 521
favors, 231
fear, 222, 231, 450, 458, 521, 771, 828, 1189, 1246, 1250, 1384, 1562, 1565, 1629, 1661, 1702, 1885, 1897, 1900, 2009, 2016, 2025, 2041, 2158, 2193, 2213, 2460, 2570, 2573, 2577, 2586, 2589, 2614, 2747, 2790
fearful, 2801
fears, 321, 417, 859, 1077, 1244, 1514, 2007, 2703
feast, 841, 1204, 1221, 1525, 1741
feasts, 1755
feat, 678
fed, 172, 419
fee, 2344
feed, 1527, 1558, 1650
feel, 502, 2378, 2541, 2544
feeling, 750
feet, 2238, 2877
fell, 145, 487, 1011, 2081, 2139, 2375, 2384, 2705
fellow, 977, 2258
fellows, 474, 2328
felt, 2122
fenny, 1804
fever, 1390
feverous, 974
fie, 1577, 2458
field, 2421, 2838, 2905
fiend, 2390, 2747, 2938
fiends, 2867
fife, 16, 135, 1158, 1882, 1988, 2466
fight, 266, 975, 1080, 1854, 2014, 2332, 2609, 2774, 2788, 2804, 2825, 2854, 2870
fighting, 2884
file, 1298, 1304, 2531
filed, 1260
fillet, 1804
filling, 1225
filthy, 65, 849, 1943
finding, 2200
finds, 270, 2398
finger, 213, 1822
fires, 414
firm, 769, 1612, 1830
firstlings, 1984, 1985
fit, 1509, 1555, 2228, 2230
fitful, 1390
fitness, 646
fits, 2022
fix, 100
flame, 1872
flattering, 1401
flaws, 1564
fleance, 21, 700, 703, 705, 743, 1229, 1344, 1406, 1457, 1464, 1465, 1505, 1508, 1725, 1726, 1739
fled, 1145, 1468, 1520, 1726, 1978, 1979, 2936
flesh, 2609
flies, 2039
flight, 1352, 1410, 2006, 2018
flighty, 1982
float, 2026
flourish, 422, 2891, 2928, 2945
flout, 136
flower, 513, 2557
flowers, 2312
flown, 1410
flung, 1127
fly, 1464, 1768, 2003, 2012, 2084, 2568, 2574, 2630, 2787
flying, 2751
foe, 118
foes, 1165, 2830
fog, 65
foggy, 1708
foisons, 2214
fold, 2424
following, 1938, 2105
follows, 549
folly, 1575, 2088
fool, 1990, 2033, 2842
foolish, 819
fools, 757, 2063, 2720
foot, 1071, 1231
forbid, 187, 215
force, 2590
forced, 2697
forces, 28
foreign, 1392
forest, 1917, 2642
forever, 1210, 1292, 2351
forge, 2208
forget, 1589
forgive, 2392, 2506
forgot, 2703
forgotten, 337, 1202
fork, 1808
form, 753
forres, 71, 208
forsworn, 2255
fort, 901, 1340
forth, 362, 668, 720, 1643, 2264, 2272, 2424, 2937
fortifies, 2535
fortitude, 2220
fortune, 91, 94, 1091, 1278, 1316, 1748, 2819
fought, 81, 2902
foul, 64, 207, 2140, 2502
foully, 1189
foundations, 1859
founded, 1511
fountain, 1036
fourth, 1944
frailties, 1074
frame, 1383
franchised, 739
frankly, 360
free, 342, 726, 1755, 1756, 2923
freely, 629
french, 909
fresh, 110
frets, 1912, 2722
friend, 81, 717, 923, 1595, 2126
friends, 344, 1165, 1327, 1489, 1553, 1588, 1590, 2598, 2895, 2935
frieze, 540
fright, 2080
frog, 1806
fruitless, 1256
fry, 2101
fullness, 397
fume, 661
function, 324
furbish, 109
furious, 1049
fury, 1046, 2537, 2724
future, 503
gain, 1387, 1444
gains, 1835
gainst, 81, 143, 1128, 1147
gall, 489, 1819
galloping, 1976
gallowglasses, 90
gap, 1203
garments, 331
gash, 1054, 2161
gashes, 122, 1516, 2844
gate, 896, 919, 1241, 1454, 2494
gave, 300, 941
gaze, 2872
geese, 2584
general, 13, 20, 27, 151, 1512, 1594, 2344
genius, 1251
gentle, 536, 1008, 1395, 1579, 2299, 2388
gentleman, 101, 243, 369
gentlemen, 40, 312, 337, 1552, 1992
gentlewoman, 33, 2417, 2421, 2433, 2435, 2443, 2446, 2448, 2472, 2479, 2482, 2501, 2511
gently, 2824
gentry, 2531
germaines, 1860
ghost, 39, 769, 1535, 1574, 1600, 1617, 1938
ghosts, 2813
giant, 2545
gibbet, 1871
gift, 1300, 2291
gild, 860
gin, 2042, 2752
gins, 102
girl, 1616
given, 315, 647, 790, 1264, 1527, 2276, 2670, 2671
gives, 711, 774, 792, 2338
giving, 939
gladly, 343
glamis, 13, 218, 241, 295, 449, 456, 499, 844, 1187
glare, 1605
glass, 1937, 1948
glimmers, 1442
glory, 1680
gloss, 624
goat, 1819
god, 133, 551, 826, 829, 906, 1078, 1164, 1237, 2066, 2133, 2249, 2300, 2482, 2506, 2910, 2918
goes, 506, 702, 704, 965, 1137, 1229, 2393
goest, 2325
going, 755, 1633
gold, 1942
golden, 462, 623, 1053, 2287
golgotha, 120
gone, 173, 421, 1151, 1363, 1521, 1618, 1685, 1750, 1963
good, 80, 221, 314, 317, 442, 741, 792, 952, 1114, 1136, 1142, 1165, 1194, 1212, 1213, 1230, 1279, 1290, 1422, 1464, 1505, 1515, 1531, 1547, 1549, 1606, 1621, 1632, 1635, 1637, 1654, 1830, 1884, 1918, 1980, 2070, 2087, 2118, 2136, 2208, 2246, 2281, 2300, 2311, 2336, 2508, 2511, 2523, 2638, 2702
goodly, 2164
goodness, 2152, 2266
goose, 910, 2582
gore, 1057
gorgon, 991
gory, 1551
gospel, 1289
got, 1369, 1800, 2582
gouts, 759
govern, 2228, 2230
grace, 225, 1028, 1543, 1702, 1748, 1969, 2140, 2141, 2293, 2941, 2942
graced, 1538
graces, 572, 2216, 2217
gracious, 1261, 1722, 1729, 2163, 2335, 2606, 2730
grafted, 2173
grain, 229
grandam, 1567
grant, 733, 2180
grapples, 1308
grasp, 2156
grave, 1214, 1292, 1389, 2306, 2492
graves, 1000, 1572
graymalkin, 62
grease, 1870
great, 135, 146, 225, 274, 452, 456, 478, 499, 516, 563, 602, 667, 720, 840, 865, 926, 999, 1078, 1203, 1419, 1646, 1693, 1914, 1959, 2151, 2275, 2370, 2428, 2535, 2818, 2897
greater, 235, 280, 500
greatest, 296, 2818
greatness, 445, 2199
green, 628, 868
greet, 154, 225
greeting, 248
greets, 721
greyhounds, 1295
grief, 2316, 2345, 2361, 2371, 2386
griefs, 675
grieve, 1730, 1934
grim, 2525
gripe, 1257
groans, 2308
grooms, 794, 852, 860
ground, 1696, 2877
grove, 2740
grow, 229, 394
growing, 390
grown, 1519
grows, 1631, 2202, 2211
gruel, 1824
guardian, 1156
guess, 2354
guest, 537, 565, 1201
guests, 1396
guide, 1248
guilt, 667, 861
guise, 2440
gulf, 1816
gums, 651
gutenberg, 688, 1173, 1780, 2405
hack, 2609
hadst, 378
hags, 1848, 1943
hail, 81, 218, 219, 220, 232, 233, 234, 238, 239, 273, 282, 440, 500, 1255, 2922, 2927, 2928
hailed, 438
hair, 319, 1941, 2706
hairs, 2911
half, 762, 1283, 1470
hall, 1084, 1478
hand, 198, 416, 513, 570, 747, 849, 866, 1078, 1258, 1281, 1291, 1419, 1657, 1771, 1904, 1937, 1985, 2276, 2477, 2496, 2657
handed, 594
handle, 747
hands, 98, 818, 827, 864, 872, 1041, 2162, 2447, 2449, 2468, 2488, 2541, 2940
hang, 186, 2061, 2065, 2292, 2545, 2614, 2693, 2742
hanged, 899, 2058, 2059
hanging, 2287
hangman, 827
hangs, 1695
happier, 236
happily, 264
happiness, 146
happy, 236, 311, 2192
harbinger, 408
harbingers, 2776
hard, 657, 1661, 2268
hardly, 2644
hardy, 80
hare, 114
hark, 790, 801, 815, 877, 1446, 1707, 2453
harm, 305, 1896, 2085, 2087, 2090
harms, 1678, 2176
harness, 2755
harp, 1885
harpier, 1795
harvest, 395
hast, 167, 391, 1187, 1604, 1885, 2862
haste, 131, 1709, 2249
hat, 2360
hatch, 972
hate, 231, 2536
hateful, 2800
hath, 156, 250, 264, 315, 340, 534, 542, 563, 601, 619, 622, 627, 719, 788, 790, 844, 877, 984, 985, 1095, 1113, 1140, 1214, 1248, 1291, 1301, 1409, 1412, 1520, 1554, 1578, 1682, 1758, 1793, 1869, 2130, 2191, 2212, 2214, 2244, 2247, 2276, 2291, 2336, 2866, 2907
haunt, 543, 2813
haunting, 538
hautboys, 528, 579, 1930
having, 226, 341, 2206, 2435
hawk, 1124
hay, 184
head, 100, 1036, 1256, 1516, 1657, 1876, 1919, 2165, 2920, 2923
heads, 1857, 1859
healing, 2290
health, 1309, 1532, 1592, 1636, 2633
heap, 558
hear, 770, 777, 808, 873, 1009, 1223, 1446, 1522, 1648, 1735, 1741, 1866, 1880, 1892, 1976, 2639, 2705, 2795
heard, 703, 809, 822, 836, 969, 2353, 2432, 2723
hearers, 1226
hearing, 409, 2342
hearst, 2637
heart, 319, 393, 680, 873, 982, 1058, 1059, 1308, 1490, 1734, 1923, 1934, 1984, 2362, 2386, 2478, 2479, 2576, 2592, 2601, 2625
hearted, 1900
hearts, 342, 1402, 1494, 2673
hearty, 1483
heat, 752, 774
heath, 60, 163, 247, 1668
heaven, 494, 539, 606, 706, 778, 906, 1353, 1738, 2082, 2121, 2276, 2283, 2359, 2380, 2384, 2392, 2474
heavenly, 2291
heavens, 1115, 2388
heaviest, 2352
heavily, 2327
heavy, 288, 376, 708, 1291
hecate, 30, 765, 1410, 1670, 1672, 1673, 1832, 1834, 1840, 1962
hedge, 1794
heels, 107, 561
held, 1277
hell, 493, 778, 896, 911, 1811, 2178, 2224, 2373, 2458, 2797, 2848
help, 122, 291, 1060, 1752, 2066, 2331
hemlock, 1817
henceforth, 2932
herald, 278
hermits, 559
herself, 1381
hew, 2661
hid, 1067, 1074
hidden, 291
hide, 397, 414, 680, 1602
hideous, 1006
hie, 459, 1228
high, 1749, 1873, 1914, 1920
highly, 454, 571
highness, 361, 383, 568, 1208, 1274, 1533, 1543, 1547, 1552
hill, 1915, 2734
himself, 138, 479, 899, 1743, 2012, 2284, 2627, 2799
hired, 2815
hiss, 2317
hit, 1720
hither, 388, 459, 908, 2299, 2326
hoarse, 480
hold, 393, 495, 706, 1062, 1205, 1424, 1766, 2024, 2118, 2883
holds, 1745
hole, 1067
holily, 455, 2485
holp, 563
holy, 1750, 1767, 2288
homage, 1756
home, 302, 564, 1527, 2699, 2935
homely, 2078
homeward, 195
honest, 307, 2062, 2065, 2129, 2347
honor, 124, 280, 387, 402, 548, 622, 736, 1537, 2076, 2246, 2598, 2600, 2933
honors, 330, 556, 1401, 1756
hoodwink, 2196
hope, 226, 298, 626, 1196, 2095, 2242, 2656, 2669, 2870
hopes, 1702, 2142, 2680
horrible, 321, 1616, 1950
horrid, 318, 608, 2178
horror, 772, 981, 1001
horrors, 2707
horse, 1096, 1218, 1228, 1976
horsed, 607
horses, 1125, 1231, 1446, 1451, 2613
hose, 909
host, 571, 598, 1486, 2663
hostess, 548, 564, 573, 722, 1487
hotter, 2796
hound, 2848
hounds, 1295
hour, 334, 731, 957, 1025, 1220, 1336, 1347, 1964, 2317, 2451, 2722
hours, 1112
house, 557, 843, 1007, 1018, 1650, 2205
housekeeper, 1299
houses, 1572
hover, 65
howeer, 1852
howl, 767, 2120, 2341
howlet, 1809
human, 451
humane, 1579
humble, 1486
humbly, 410
humh, 2354
hums, 1412, 1763
hunger, 2207
hunter, 1299
hurlyburly, 56
hurt, 840
hurts, 2908
husband, 173, 807, 2020, 2046, 2094
husbandry, 706
hush, 1196
hyrcan, 1611
idiot, 2724
ield, 551
ignorant, 445, 502
iii, 162, 890, 1182, 1431, 2110, 2563
ill, 314, 1425, 2202
illness, 454
illusion, 1700
image, 318, 999
images, 272
imaginings, 321
impedes, 462
impediments, 2187
imperfect, 240
imperial, 312, 2137
implored, 361
impostors, 1565
impress, 1917, 2857
incarnadine, 867
incensed, 1313
inch, 150
inclined, 2200
includes, 692, 1177, 1784, 2409
indissoluble, 1209
industrious, 2676
infected, 1974, 2503
infirm, 856
infirmity, 1591
infold, 392
inform, 472
informs, 762
ingratitude, 375
ingredients, 595, 1826
inhabit, 1615
inhabitants, 210
initiate, 1661
inn, 1444
innocent, 513, 837, 1279, 1415, 2132
insane, 255
instant, 503, 1027
instructions, 593
instrument, 756
instruments, 306, 1281, 2397
integrity, 2244
intelligence, 246
intemperance, 2191
intent, 610
interdiction, 2235
interim, 341
intermission, 2389
interpret, 216, 1721
intrenchant, 2856
invention, 1226
inventor, 594
inverness, 405
invest, 403
invested, 1152
invisible, 1418
invite, 658, 2944
invites, 776
ireland, 1090, 1224
isles, 90
issue, 1260, 1290, 1907, 1924, 2234, 2681
itself, 383, 536, 612, 998, 1099, 1567, 2305, 2550, 2827
jealousies, 2147
jew, 1818
jewel, 1264
jewels, 2205
jocund, 1409
join, 1436
jointly, 1228
journey, 658
jovial, 1396
joy, 1371, 1594
joyful, 409, 959
joys, 396
judgement, 288, 592
judicious, 2021
juggling, 2867
jump, 591
just, 1440, 2148, 2674
justice, 106, 595, 2218
jutty, 540
keen, 493, 2857
keeps, 1344, 1420, 1487, 2667
kerns, 90, 107, 2814
key, 896, 1737
kill, 1047, 1124, 1380, 1725, 1729, 1739, 2102, 2367
killing, 168
kind, 178, 337, 722, 734, 1637
kindly, 1959
kindness, 452
king, 12, 13, 20, 82, 105, 133, 135, 148, 220, 244, 258, 264, 327, 339, 438, 440, 469, 718, 954, 965, 1144, 1187, 1198, 1253, 1365, 1750, 1758, 1907, 1959, 2111, 2203, 2217, 2237, 2272, 2281, 2394, 2922, 2927, 2928
kingdom, 274, 1925, 2924
kings, 237, 257, 1192, 1255, 1265, 1937, 2193, 2213
kinsman, 422, 597
kinsmen, 398, 2931
kiss, 1120, 2877
kite, 2373
kites, 1574
knees, 2238
knell, 778, 2311, 2913
knife, 493, 600
knit, 1210
knits, 838
knives, 1755
knock, 319, 897, 902, 907, 910
knocking, 861, 862, 873, 874, 877, 883, 884, 893, 895, 896, 902, 907, 910, 916, 951, 2494
knocks, 1844
knoll, 2913
knots, 2145
know, 183, 241, 292, 400, 620, 648, 680, 882, 959, 1035, 1077, 1277, 1320, 1406, 1482, 1592, 1652, 1688, 1703, 1852, 1923, 1926, 1928, 2008, 2024, 2025, 2125, 2172, 2298, 2300, 2305, 2572, 2679, 2732
knowings, 1113
knowledge, 82, 434, 1415
known, 392, 1059, 1139, 1285, 1640, 2075, 2449, 2471, 2474, 2485
knows, 1879, 2022, 2284, 2307, 2460, 2474, 2529
labor, 292, 390, 407, 839, 961, 2855
laced, 1053
lack, 1588, 1659, 2395
ladies, 1199
lady, 15, 17, 33, 430, 432, 470, 477, 506, 508, 520, 546, 553, 566, 614, 617, 620, 626, 640, 654, 674, 786, 788, 799, 809, 812, 814, 817, 819, 825, 830, 834, 842, 846, 856, 870, 872, 1003, 1005, 1008, 1017, 1060, 1061, 1072, 1073, 1198, 1202, 1361, 1363, 1365, 1368, 1394, 1404, 1407, 1414, 1480, 1489, 1524, 1553, 1561, 1575, 1577, 1587, 1606, 1620, 1631, 1637, 1638, 1644, 1647, 1659, 2001, 2003, 2005, 2010, 2032, 2036, 2039, 2041, 2045, 2047, 2049, 2053, 2055, 2057, 2060, 2062, 2066, 2071, 2084, 2095, 2104, 2438, 2452, 2456, 2466, 2475, 2488, 2494
laid, 801, 2253
lamb, 2133, 2175
lamentings, 969
lamp, 1117
land, 199, 2003, 2632
lands, 2204
lap, 170
lapp, 141
large, 1496, 2929
largess, 720
latch, 2342
late, 558, 622, 923, 924, 1724, 1726
lated, 1443
later, 705
laudable, 2087
laugh, 820, 1893, 2695, 2806
lave, 1401
lavish, 144
lay, 445, 967, 1052, 2151, 2882
laying, 214
lays, 1542
ldst, 456, 2041
lead, 708, 2769
leaf, 339, 2596
learn, 2666
learned, 433
lease, 1921
leave, 83, 410, 522, 573, 1097, 1343, 1404, 2010, 2027, 2035, 2146, 2324, 2395
leaves, 940, 2290
leaving, 363
leavy, 2766
lechery, 928, 934
led, 1564, 2522
lees, 1030
left, 380, 617, 877, 1030, 1099, 2144
leg, 1809
legions, 2178
legs, 946
leisure, 335, 734, 1366
length, 2391
lennox, 22, 73, 131, 352, 530, 921, 952, 965, 967, 976, 983, 989, 993, 1023, 1040, 1199, 1480, 1533, 1545, 1547, 1635, 1718, 1720, 1760, 1765, 1967, 1969, 1971, 1973, 1977, 1980, 2520, 2530, 2556, 2654
lent, 2336
lesser, 235, 2536
lest, 879, 1162
let, 339, 341, 392, 415, 416, 420, 747, 913, 1068, 1075, 1083, 1087, 1097, 1207, 1234, 1289, 1383, 1398, 1462, 1471, 1602, 1709, 1853, 1868, 1928, 1963, 2115, 2117, 2147, 2350, 2351, 2370, 2385, 2568, 2661, 2674, 2695, 2738, 2774, 2819, 2858, 2862
letter, 430
letters, 501
letting, 635
levy, 1392
liar, 2737
liars, 2063, 2065
library, 687, 1172, 1779, 2404
lid, 186
lie, 663, 851, 924, 939, 941, 944, 1389, 2059, 2696, 2803
liege, 357, 1293, 1311
lies, 414, 708, 816, 1519, 1900, 2055, 2747
liest, 2098, 2802
life, 289, 363, 591, 634, 839, 841, 987, 988, 1029, 1045, 1149, 1309, 1317, 1324, 1390, 2259, 2441, 2596, 2707, 2721, 2859, 2940
light, 415, 1120, 1420, 1447, 1455, 1466, 2442, 2443
lighted, 1095, 2719
lightning, 50, 55
like, 80, 92, 96, 175, 210, 331, 363, 404, 512, 513, 603, 605, 636, 708, 742, 769, 1000, 1054, 1122, 1150, 1255, 1505, 1610, 1624, 1811, 1837, 1907, 1935, 1940, 1942, 1943, 1990, 2118, 2123, 2266, 2340, 2376, 2545, 2747, 2767, 2788, 2903, 2938
lily, 2587
limbeck, 662
lime, 2041
limited, 964
line, 290, 1255, 1945, 1990
linen, 2588
lion, 114, 1911
lips, 214, 596, 1821
list, 1266
listen, 1910
listening, 828
little, 875, 1707, 2017, 2079, 2477, 2828
live, 187, 211, 634, 797, 1897, 1899, 1921, 2037, 2231, 2872
lived, 1026, 2239, 2595, 2900
livelong, 973
liver, 1818, 2587
lives, 242, 285, 287, 773, 1335, 1406, 1742, 1746, 2312, 2843
living, 1120
lizard, 1809
loads, 557
lochaber, 20
locks, 1551, 1843
lodged, 825, 1856
long, 690, 1175, 1782, 2028, 2398, 2407, 2595
longer, 2033, 2083
look, 132, 192, 210, 228, 326, 512, 513, 520, 628, 855, 998, 1054, 1061, 1072, 1132, 1559, 1569, 1570, 1672, 2141, 2380, 2447, 2488, 2506, 2582, 2599, 2735
looks, 131, 818, 1395
loon, 2581
loose, 2545
lord, 108, 986, 1212, 1217, 1222, 1230, 1241, 1321, 1333, 1349, 1375, 1395, 1503, 1515, 1524, 1547, 1549, 1553, 1587, 1630, 1718, 1744, 1761, 1772, 1971, 1973, 1977, 1980, 2153, 2458, 2468, 2608, 2616, 2638, 2702, 2713, 2730, 2824, 2899
lords, 40, 1199, 1480, 1484, 1549, 1598
lose, 289, 444, 737
losest, 2855
lost, 57, 156, 190, 881, 1470, 2142
loud, 2600
love, 387, 504, 549, 550, 563, 571, 630, 648, 1052, 1058, 1059, 1308, 1330, 1397, 1592, 2016, 2145, 2544, 2598
loved, 539, 2129
loves, 1328, 1684, 2012, 2931
low, 1873
lowe, 382
lowliness, 2219
loyal, 1050, 2208
loyalty, 382
lust, 2186, 2212
luxurious, 2181
macbeth, 6, 13, 15, 30, 34, 61, 93, 112, 154, 156, 197, 205, 207, 217, 218, 219, 220, 235, 238, 239, 240, 252, 257, 259, 264, 285, 295, 302, 310, 327, 333, 335, 336, 344, 372, 382, 407, 412, 428, 430, 432, 470, 477, 497, 504, 506, 507, 508, 519, 520, 528, 546, 553, 566, 583, 585, 614, 617, 619, 620, 621, 626, 637, 640, 653, 654, 668, 674, 677, 698, 713, 717, 724, 730, 735, 741, 744, 786, 788, 798, 799, 805, 808, 809, 811, 812, 813, 814, 815, 817, 818, 819, 820, 825, 826, 830, 831, 834, 836, 837, 842, 843, 845, 846, 853, 856, 862, 870, 872, 882, 949, 953, 955, 958, 961, 966, 975, 983, 988, 993, 1003, 1005, 1017, 1023, 1025, 1035, 1046, 1049, 1060, 1073, 1083, 1106, 1140, 1150, 1193, 1198, 1199, 1201, 1202, 1205, 1211, 1213, 1221, 1223, 1231, 1238, 1242, 1275, 1286, 1294, 1319, 1322, 1336, 1350, 1361, 1363, 1365, 1368, 1373, 1380, 1394, 1397, 1404, 1405, 1407, 1408, 1414, 1415, 1437, 1480, 1482, 1485, 1489, 1494, 1501, 1504, 1509, 1518, 1524, 1530, 1535, 1537, 1544, 1546, 1548, 1550, 1553, 1559, 1561, 1570, 1575, 1576, 1577, 1578, 1587, 1589, 1602, 1606, 1609, 1620, 1623, 1631, 1637, 1638, 1639, 1644, 1645, 1647, 1648, 1659, 1660, 1676, 1723, 1730, 1846, 1848, 1851, 1868, 1878, 1881, 1884, 1891, 1892, 1896, 1897, 1913, 1916, 1921, 1927, 1940, 1954, 1963, 1970, 1972, 1974, 1979, 1981, 2135, 2174, 2179, 2189, 2247, 2396, 2438, 2452, 2456, 2466, 2475, 2488, 2494, 2566, 2568, 2573, 2584, 2586, 2591, 2607, 2609, 2612, 2619, 2628, 2640, 2691, 2693, 2703, 2714, 2733, 2737, 2741, 2785, 2787, 2795, 2798, 2801, 2805, 2815, 2840, 2842, 2849, 2855, 2865, 2876, 2920
macdonwald, 86
macduff, 16, 17, 33, 530, 921, 923, 927, 941, 947, 954, 956, 959, 963, 979, 981, 984, 990, 1008, 1038, 1048, 1061, 1081, 1134, 1136, 1138, 1140, 1143, 1151, 1154, 1158, 1160, 1645, 1742, 1750, 1760, 1881, 1897, 1978, 1987, 1999, 2001, 2003, 2005, 2010, 2032, 2036, 2039, 2041, 2045, 2047, 2049, 2053, 2055, 2057, 2060, 2062, 2066, 2071, 2084, 2095, 2104, 2113, 2117, 2134, 2142, 2150, 2170, 2177, 2190, 2210, 2227, 2230, 2243, 2267, 2279, 2297, 2299, 2303, 2314, 2319, 2321, 2323, 2325, 2343, 2349, 2354, 2363, 2366, 2372, 2377, 2381, 2387, 2523, 2652, 2674, 2763, 2769, 2775, 2809, 2811, 2846, 2848, 2852, 2861, 2863, 2871, 2882, 2898, 2920, 2922
machine, 689, 1174, 1781, 2406
mad, 470, 835, 2536
madam, 1364, 1367, 2004
madness, 2006
maggot, 1642
magic, 1697
maids, 2185
main, 2347, 2669
majesty, 557, 989, 1484, 1636, 2421
make, 202, 271, 319, 390, 408, 476, 484, 568, 645, 675, 736, 835, 963, 1059, 1129, 1165, 1235, 1265, 1330, 1402, 1425, 1454, 1568, 1625, 1685, 1709, 1824, 1898, 2003, 2007, 2207, 2332, 2370, 2558, 2663, 2678, 2775, 2857, 2931
makes, 494, 934, 938, 1421, 2301, 2639
making, 868, 1376
malady, 2274
malcolm, 18, 73, 79, 130, 352, 357, 401, 530, 996, 999, 1032, 1039, 1062, 1064, 1070, 1086, 1087, 1094, 1144, 1728, 2113, 2115, 2124, 2135, 2143, 2157, 2171, 2180, 2201, 2217, 2228, 2243, 2272, 2278, 2280, 2298, 2300, 2316, 2334, 2359, 2369, 2376, 2385, 2393, 2522, 2570, 2652, 2656, 2661, 2669, 2763, 2766, 2822, 2829, 2877, 2891, 2895, 2898, 2914, 2929
males, 670
malevolence, 1748
malice, 1080, 1382, 1392
malicious, 2182
man, 39, 76, 187, 212, 323, 638, 642, 644, 895, 1044, 1050, 1089, 1108, 1110, 1115, 1121, 1130, 1164, 1234, 1264, 1290, 1558, 1582, 1609, 1619, 1643, 1895, 2078, 2310, 2360, 2376, 2378, 2462, 2526, 2573, 2807, 2866, 2900, 2903
manhood, 1305, 2533
mankind, 1129
manly, 1083, 2393
manner, 2357
mansion, 2011
mansionry, 539
mar, 2470
marble, 1511
march, 2551, 2558
marching, 2558, 2654, 2683
mark, 105, 671, 1252, 2309, 2465
market, 2047
marrowless, 1603
marry, 928, 1723
mars, 934
marshal, 755
martlet, 538
marvel, 1424
masking, 1331
master, 173, 277, 471, 947, 1016, 1234
masterdom, 518
masterpiece, 984
masters, 1867
mated, 2509
material, 1345
matrons, 2185
matter, 983
matters, 511
maw, 1815
maws, 1574
mayst, 1465, 2096, 2856
meal, 1384
mean, 842, 989, 2040, 2171
means, 1149, 1653, 2279, 2301, 2507
meant, 119
measure, 1497, 2942
measured, 2906
measureless, 723
meat, 1528, 1754
medicine, 2553
medicines, 2370
meek, 601
meet, 54, 61, 1076, 1084, 1687, 2434, 2528, 2553
meeting, 1287, 1529, 1670
mellon, 688, 1173, 1780, 2405
melted, 253
membership, 693, 1178, 1785, 2410
memorize, 120
memory, 660, 2621
men, 109, 150, 511, 668, 1092, 1240, 1293, 1294, 1303, 1453, 1726, 1735, 2062, 2065, 2119, 2264, 2311, 2336, 2849
mend, 1318
menteith, 24, 2520, 2522, 2534, 2547, 2652, 2658, 2660
merciful, 709, 2359
merciless, 86
mercy, 1099, 2219
mere, 1029, 2215, 2286
message, 476, 1769
messenger, 466, 469, 473, 478, 1762, 2073, 2075, 2727, 2730, 2734, 2738
messengers, 46
met, 432, 2698, 2829
metaphysical, 463
methinks, 2080
methought, 2735
mettle, 669
mettled, 1911
mew, 1793
middle, 1790
midnight, 1848
midst, 1495
mightst, 444
mile, 1452, 2739
milk, 451, 489, 2224
milks, 648
mind, 368, 751, 1247, 1260, 1388, 1405, 2346, 2509, 2576, 2620
minds, 840, 2504, 2925
mingle, 1485, 2575
minion, 96
minions, 1126
minister, 2620, 2627
ministers, 489, 2938
minute, 1323, 2318
minutely, 2542
miraculous, 2281
mirth, 1496, 1620
mischance, 1540
mischief, 491
miserable, 2231
miss, 802, 1595, 2895
missing, 2898
missives, 436
mistress, 744, 1677
mistrust, 1438
mock, 679, 794
mockery, 1617
modern, 2310
modest, 2248
moment, 1050, 1340, 1984
momentary, 1555
mongrels, 1295
monkey, 2066
monsters, 2873
monstrous, 1728
monuments, 1574
moon, 703, 1695, 1820
morn, 2120
morning, 1644, 1687
morrow, 509, 952, 953
mortal, 434, 482, 1584, 1922, 2118, 2572
mortality, 1027
mortals, 1704
mortified, 2526
mother, 2038, 2043, 2052, 2102, 2306, 2863
motion, 1071
motives, 2145
mould, 332
mounch, 171
mousing, 1124
mouth, 2600
mouths, 1866
moves, 769, 1547
moving, 2740
multiplying, 88
multitudinous, 867
mummy, 1815
murky, 2458
murther, 322, 765, 821, 837, 844, 985, 995, 1011, 1016, 1038, 1261, 1586, 2104, 2357
murtherer, 599, 1274, 1285, 1293, 1311, 1315, 1333, 1335, 1436, 1437, 1438, 1441, 1446, 1448, 1451, 1452, 1455, 1459, 1460, 1462, 1466, 1467, 1468, 1469, 1471, 1492, 1500, 1503, 1507, 1515, 1523, 1871, 2094, 2097, 2099
murtherers, 40, 1055, 1269, 1321, 1349, 1351, 1434, 2092, 2105
murthering, 489
murtherous, 1094
murthers, 1580, 1584, 2541
muse, 1590
music, 1705, 1839, 1961
myself, 180, 408, 600, 882, 1191, 1329, 2171, 2251, 2253, 2260, 2390
naked, 605, 1074
named, 1151, 2933
napkins, 901
nation, 2231
natural, 1628, 2013
nature, 89, 320, 450, 487, 491, 711, 763, 796, 840, 1055, 1127, 1147, 1246, 1288, 1301, 1407, 1517, 1520, 1860, 1921, 2136, 2191, 2254, 2428
natures, 663, 1659
naught, 2382
nave, 99
navigation, 1855
nay, 2046, 2223
near, 71, 1092, 1324, 1432, 1444, 2518, 2522, 2527, 2650, 2656, 2766
nearer, 1093
nearest, 399, 452
nearly, 2077
necks, 2288
need, 832, 1897, 2460
needed, 2611
needful, 2940
needs, 1438, 2505, 2557
neer, 2360, 2468
neptune, 865
nerves, 1613
nest, 2015
net, 2041
neutral, 1050
new, 109, 330, 605, 972, 991, 1162, 2070, 2119, 2120, 2160, 2318
newer, 2918
newest, 78, 624, 2316
newly, 2934
news, 265, 478, 616, 2607
newt, 1806
nice, 2315
niggard, 2325
nigh, 2082
night, 185, 491, 516, 702, 728, 792, 941, 967, 973, 1113, 1117, 1118, 1220, 1229, 1235, 1412, 1416, 1423, 1632, 1635, 1637, 1643, 1691, 2398, 2508, 2511, 2705
nightgown, 879, 2423, 2488
nightly, 1386
nights, 517, 1754, 1799, 2419
nimbly, 535
nipple, 650
nnights, 188
noble, 156, 224, 226, 390, 564, 847, 952, 1588, 2021, 2243, 2768, 2826, 2898
nobleman, 16, 22, 23, 24, 25, 26
nobleness, 404
nobles, 2204
nobly, 1733
nod, 1571
noise, 808, 863, 1929, 2701, 2811
nonpareil, 1506
noon, 1693
northumberland, 27, 1751
norway, 138, 290
norways, 148
norweyan, 108, 136, 270
nose, 928, 1821
note, 1413, 1449, 1556, 2819
notion, 1283
nought, 1368, 1880
nourisher, 841
numbers, 138, 2663
obedience, 1128, 2552, 2598
oblivious, 2623
obscure, 972
observe, 2441
observed, 544
occasion, 879
ocean, 865
odds, 1644
offend, 1557
offended, 2157
offer, 2132, 2164
offerings, 765
office, 602, 1089, 1874
officers, 40, 666
offices, 720, 1439
oftener, 2238
oftentimes, 305
old, 38, 557, 896, 1108, 1110, 1121, 1130, 1162, 1164, 2263, 2462, 2597, 2652, 2763, 2822, 2892
olden, 1578
older, 2337
ones, 2015, 2079, 2372
ope, 986
open, 793, 1843, 2173, 2445
opens, 919
opinions, 623
oppose, 2188
opposed, 2880
oppressed, 752
oracles, 1195
order, 1633, 2771
ornament, 633
orphans, 2120
ourself, 1237, 1485
outrun, 1052
outward, 2693
outwardly, 224
overbold, 1674
overcharged, 116
overcome, 1624
overtake, 378
overthrown, 294
owe, 246, 1627, 2679
owed, 366, 2552
owl, 791, 809, 1124, 2015
pace, 767, 2717
paddock, 63
paid, 2899, 2917
pain, 961
pains, 297, 338, 551, 1834
painted, 859, 2874
painting, 928, 1562
palace, 350, 1183, 1241, 1341, 1359, 1432, 1453, 1478, 1716, 2111
palaces, 1858
pale, 629, 765, 1420, 1900, 2490
pall, 492
palpable, 754
paper, 2424
parallel, 977
pardon, 361, 2137
park, 1432
parley, 1007
parricide, 1225
parted, 2917
particular, 1302
particulars, 2172
partner, 225, 326, 442
pass, 1280
passage, 97, 485
passion, 1557, 2243
past, 1277
patch, 2587
patience, 1288, 2004, 2220
patient, 2615, 2627
patter, 2868
pauser, 1052
pay, 279, 381, 1921, 1960
payment, 380
pays, 383
peace, 203, 487, 637, 790, 1263, 1387, 1740, 2225, 2323, 2324
peak, 189
peal, 1412
pearl, 2925
peep, 494
peerless, 422
peers, 1606
pendant, 542
penthouse, 186
people, 137, 623, 2284, 2825
perceive, 2419
perchance, 2127, 2143
perfect, 1310, 1339, 2076
perfectest, 433
perform, 664, 1334, 1580, 1958, 2942
performance, 932
performances, 2431
perilous, 2624
permission, 689, 1174, 1781, 2406
pernicious, 1963, 2211
perseverance, 2219
person, 1538, 1646, 2082
personae, 12
personal, 266
persuades, 936
pertains, 2348
perturbation, 2428
pester, 2548
petty, 2717
physic, 2417, 2628
physician, 2505
physics, 961
pictures, 858
piece, 1076
pieces, 1419
pies, 1642
pig, 1794
pillows, 1043, 2504
pilot, 194
pine, 189, 1757
pious, 1731, 1747
pit, 1686
pitfall, 2042
pitied, 1723
pitiful, 1417, 2285
pity, 605, 1540
place, 50, 59, 645, 656, 850, 911, 1124, 1535, 1545, 2012, 2095, 2942
placed, 1256, 1920
places, 399
plague, 594
plant, 389, 1338
planted, 2934
play, 455, 1189, 1486, 2387, 2842
player, 2722
plead, 603
pleasant, 534
pleasure, 568, 719, 1240, 1608, 2606
pleasures, 2195
pledge, 1598
plenteous, 396
plenty, 899, 2196
plight, 77
pluck, 650, 864, 2621
plucks, 2248
point, 143, 554, 1287, 2264
points, 1952
poison, 595, 1391, 1797
pole, 2874
poor, 555, 636, 1381, 2013, 2041, 2043, 2066, 2071, 2132, 2150, 2166, 2174, 2261, 2304, 2601, 2721
poorly, 881
portable, 2215
porter, 38, 893, 895, 913, 918, 925, 928, 942
ports, 181
possess, 2352
post, 273
posterity, 1190
posters, 199
pot, 1801
potent, 1887
pour, 275, 460, 1869, 2224, 2554
power, 1325, 1878, 1895, 2223, 2248, 2330, 2394, 2462, 2522, 2574, 2773
powerful, 1810
powers, 709, 2396
practice, 2483
praises, 267, 274
prate, 771
prattler, 2071
pray, 309, 916, 1290, 1397, 1554, 1619, 1631, 1750, 2020, 2103, 2146, 2272, 2482
prayers, 823, 1772, 2288
precious, 2145, 2380
predecessors, 1156
prediction, 226
predominance, 1118
predominant, 1288
preparation, 472, 2639
prepared, 1478
prepares, 1759
presence, 1206, 1741
present, 153, 225, 320, 502, 772, 1399, 1521, 1538
presently, 2277
preserve, 2082
pretend, 1142
pretense, 1079
pretty, 2030, 2372, 2374
preys, 1423
prick, 610, 2586
pricking, 1841
pride, 1123
primrose, 915
prince, 402, 412
prisoner, 256
pristine, 2633
prithee, 637, 1020, 1426, 1570
probation, 1280
proceed, 621
proceeding, 752
procreant, 542
producing, 2937
profess, 1852
professes, 2827
professions, 915
profit, 2644
profound, 1695
prohibited, 692, 1177, 1784, 2409
project, 688, 1173, 1780, 2405
prologues, 311
promise, 1542, 2869
promised, 301, 445, 450, 1188
pronounce, 153, 831, 1489, 2799
pronounced, 2572
proof, 141
proper, 1561
prophecy, 2291
prophesying, 970
prophet, 1254
prophetic, 248
proportion, 379
prospect, 244
prosperous, 243, 1215
protest, 1615, 2533
proud, 1911
prove, 2803
proved, 293
provide, 1689, 1767
provided, 515
provoke, 927
provoker, 926
provokes, 930
prowess, 2901
pull, 2360, 2635, 2745
pure, 2174
purgative, 2636
purge, 2554, 2633
purged, 1579
purpose, 487, 562, 856, 1982, 1991
purposes, 507
purveyor, 562
push, 1585, 2594
puts, 1145
pyramids, 1858
quarrel, 91, 2266
quarrels, 2208
quarry, 2357
quarters, 182
queen, 30, 1199, 2237, 2713, 2938
quell, 667
quench, 790
question, 212, 434, 1076, 1632
quickly, 586, 2070, 2350, 2729
quiet, 911
quit, 1602
quite, 1575
quoth, 171
rabble, 2878
race, 1126
rage, 1731
rain, 55, 1461
raise, 1698
ran, 2327
rancors, 1262
rank, 1305
ranks, 270
rapt, 227, 326, 436
rarer, 2873
rat, 175
ratify, 1753
ravel, 838
raven, 479
ravin, 1148, 1816
ravishing, 768
rawness, 2144
raze, 2622
read, 339, 511, 2424
readable, 689, 1174, 1781, 2406
readiness, 1084
reading, 430
reads, 266
ready, 744, 801, 2394
reason, 256, 662, 1052, 1673, 2018
reasons, 1332
rebel, 87, 92, 291
rebellion, 1919
rebellious, 143
rebels, 266
rebuked, 1251
receipt, 661
receive, 384, 674, 1302, 1756, 2397, 2428
received, 264, 670, 1747
reckless, 1313
reckon, 2930
recoil, 2137, 2548
recommends, 535
recompense, 377
reconcile, 2268
reconciled, 2245
recorded, 2718
red, 868, 2586
redoubled, 118
redress, 2125
reeking, 119
referred, 439
reflection, 103
refrain, 1057
regard, 1379, 1558
register, 338
reign, 1925, 2189
reigns, 1246
rejoicing, 444
relate, 2356, 2680
relation, 2315
relations, 1641
relish, 2221
remain, 2282
remains, 1382, 2770
remedy, 1379
remember, 918, 1110, 2085, 2379
remembrance, 976, 1398, 2455
remembrancer, 1530
remorse, 485
remove, 2301, 2507, 2569
rend, 2308
render, 2824
renown, 1028
repeat, 2240
repent, 1046
repentance, 362
repetition, 1010
report, 76, 115, 360, 433, 1758, 2420, 2433, 2664, 2731
reported, 2608
reports, 2568
repose, 711, 741
request, 1206
require, 1342, 1488
resembled, 803
reserved, 1545
resolute, 1893
resolution, 2745
resolve, 1347
resolved, 1349
resounds, 2122
respect, 1749
rest, 269, 407, 522, 559, 718, 758, 1449, 2384, 2618
restless, 1389
restrain, 710
retire, 874
retires, 1840
return, 356, 569, 594, 1229, 1770, 2425
returning, 1656
returns, 1364
revenge, 1465, 2370
revenges, 2524
revolt, 78, 2671
revolts, 2542
rhinoceros, 1611
rhubarb, 2636
ribs, 319
rich, 2156
rid, 1318
riddles, 1676
ride, 1211, 1216, 1974
rides, 562
right, 1724, 2162, 2768
rightly, 2148
ring, 995, 1001, 1837, 2754
rings, 775, 1001
ripe, 2396
ripp, 2864
rise, 1000, 1552, 1583, 1919, 1920, 2423
rises, 1907
roar, 676
roast, 910
robe, 2546
robes, 286, 1162
rock, 1511
roman, 2842
ronyon, 172
roof, 1537
rooks, 1642
rooky, 1421
room, 2564
root, 256, 1191, 1817, 1918, 2212
rooted, 2621
ross, 23, 128, 130, 133, 135, 147, 155, 262, 264, 280, 296, 372, 530, 1023, 1108, 1114, 1125, 1131, 1139, 1141, 1147, 1153, 1157, 1159, 1163, 1199, 1480, 1541, 1552, 1630, 2001, 2004, 2008, 2019, 2033, 2295, 2302, 2304, 2317, 2320, 2322, 2324, 2326, 2339, 2346, 2351, 2355, 2364, 2368, 2654, 2892, 2899, 2905, 2909
rough, 975
roughest, 334
round, 462, 1497, 1796, 1909, 1958, 2613
rouse, 1423, 2706
royal, 226, 277, 1016, 1038, 1507, 1524, 1543, 2236, 2638
royalty, 1245, 2289
rubs, 1343, 2447
ruby, 1628
rue, 1763
rugged, 1395, 1610
ruin, 1055
rule, 2539
rumor, 2025, 2328
rump, 172
run, 2103
rung, 1412
runs, 334, 2018
rush, 1067
russian, 1610
sacred, 1155
sacrilegious, 985
sad, 2116
safe, 387, 1514, 1515, 2657, 2895
safely, 1244
safer, 1091, 1370
safest, 1095
safeties, 2148
safety, 1249
sag, 2577
said, 932, 1130, 1190, 1252, 1564, 2368
sail, 174
sailor, 170
saint, 150
sainted, 2237
sake, 906
salt, 1816
salutation, 2925
saluted, 439
sanctity, 2276
satisfied, 1927
satisfy, 2455
sauce, 1528, 2207
saucy, 1514, 1674
savage, 2080
savagely, 2356
save, 133
saw, 359, 1576, 1970, 2330, 2731
say, 82, 115, 229, 245, 380, 470, 819, 823, 828, 829, 968, 973, 988, 1021, 1284, 1305, 1365, 1471, 1550, 1570, 1639, 1645, 1722, 1725, 1735, 1763, 1866, 1880, 1960, 2090, 2373, 2432, 2456, 2536, 2593, 2635, 2679, 2731, 2733, 2740, 2917
saying, 2044
scale, 905, 1814
scales, 905
scann, 1658
scape, 2391
scaped, 1508
scarce, 2311
scarcely, 475, 2256
scarf, 1417
scene, 49, 697, 1182, 1789, 2414
scepter, 2232
sceptre, 1257
sceptres, 1949
school, 2020
scone, 1152, 1157, 2944
score, 2917
scorn, 1701, 2695, 2806
scorpions, 1405
scotch, 1380
scotland, 13, 17, 23, 24, 25, 26, 27, 46, 105, 2122, 2214, 2227, 2241, 2303, 2332, 2390, 2927, 2928, 2933
scottish, 35
scour, 2637
scream, 809
screams, 969
screens, 2766
screw, 655
scruples, 1077, 2245
sea, 199, 1816, 2027
seal, 2425
sear, 1941, 2596
seas, 867
season, 1659, 2022
seat, 534, 1554
seated, 319
second, 56, 60, 168, 177, 193, 219, 233, 236, 816, 840, 925, 1287, 1311, 1333, 1438, 1448, 1455, 1469, 1794, 1804, 1829, 1841, 1864, 1889, 1891, 1893, 1932
secret, 1643, 1848, 2541
secrets, 2504
security, 1704
seed, 1265
seeds, 228
seek, 397, 1926, 2115
seeking, 738
seeling, 1416
seemeth, 77
seen, 207, 827, 1112, 2283, 2307, 2423
seest, 1115
seize, 1067, 1988
self, 142, 1279, 1660, 2939
selfsame, 260, 269
sell, 2048
send, 1573, 1647, 1648, 1772, 2613, 2630
sennet, 1198
sense, 2446, 2868
senses, 536, 757, 2548, 2704
sensible, 750
sent, 277, 720, 1387, 1760
sentinel, 766
separated, 1090
sergeant, 37, 74, 80, 84, 102, 113, 125
serpent, 514, 1519
servant, 713, 725, 745, 1361, 1364, 1367, 1650, 2579, 2583, 2585, 2590, 2591
servants, 385, 566, 581, 2364
serve, 731, 2672
served, 2863
service, 382, 554, 581, 964
set, 58, 361, 769, 1196, 1317, 1463, 2043, 2391, 2453
setting, 2264, 2668
settled, 677
seven, 1235
seventh, 1946
seward, 2531, 2652, 2804
sewer, 581
seyton, 29, 2592, 2593, 2602, 2604, 2606, 2608, 2611, 2630, 2691, 2702, 2711, 2713
shade, 2115
shadow, 1616, 2663, 2721
shadows, 1935
shaft, 1094
shag, 2098
shake, 487, 974, 997, 1077, 1386, 1551, 2577
shakes, 323
shakespeare, 10
shaking, 2396
shall, 54, 152, 185, 187, 189, 191, 257, 258, 298, 404, 509, 515, 517, 551, 572, 608, 609, 657, 661, 666, 675, 735, 736, 740, 845, 1091, 1227, 1333, 1397, 1412, 1557, 1574, 1613, 1652, 1654, 1698, 1700, 1701, 1738, 1835, 1896, 1913, 1915, 1921, 1924, 1984, 2028, 2126, 2137, 2149, 2165, 2167, 2169, 2173, 2352, 2377, 2528, 2547, 2574, 2577, 2662, 2665, 2679, 2768, 2770, 2929
shalt, 220, 237, 440, 449, 1899, 2233, 2742
shame, 873, 1118, 1567, 1577
shape, 1612
shard, 1411
share, 1835
shares, 2347
shark, 1816
sharp, 563
sheathe, 2817
shed, 1578
shield, 2882
shift, 946, 1098
shine, 405, 1193, 1336
shipman, 183
shipwrecking, 103
shoal, 590
shook, 98
short, 2389
shot, 1095
shoughs, 1296
shouldst, 2817
shows, 1948
shriek, 791, 2705
shrieks, 2308
shut, 599, 722, 2446
sick, 2592, 2616
sicken, 1861, 2313
sickly, 1309, 2553
sides, 610, 1495, 2825
siege, 2695
sieve, 174
sigh, 2478
sighs, 2308
sight, 278, 750, 818, 819, 991, 1326, 1602, 1950, 2509
sightless, 490, 607
sights, 1628, 1630, 1992
sign, 2070
signifying, 2725
signs, 404
silenced, 268
silent, 2266
silver, 1053
sin, 375, 2183
sinel, 241
sinful, 2381
sing, 1836
single, 323, 555, 2345
sinks, 1929, 2159
sir, 221, 705, 718, 742, 925, 926, 928, 942, 952, 1137, 1205, 1489, 1507, 1541, 1545, 1647, 1742, 1761, 1953, 2273, 2302, 2433, 2482, 2530, 2585, 2631, 2733, 2831
sirrah, 1239, 2036
sister, 167, 169
sisters, 198, 439, 728, 1253, 1651, 1955, 1970
sit, 1162, 1482, 1495, 1533, 1553, 1593, 1619
sits, 1535, 1708
siward, 27, 28, 1751, 2263, 2336, 2523, 2659, 2666, 2677, 2763, 2772, 2792, 2794, 2796, 2799, 2802, 2822, 2824, 2831, 2896, 2904, 2908, 2910, 2916
skin, 1053
skinny, 214
skipping, 107
skirr, 2613
sky, 137
slab, 1824
slain, 1140, 2213, 2804, 2812
slaughter, 2356, 2384
slaughterous, 2708
slave, 97, 1465, 2737
slaves, 1732
sleave, 838
sleek, 1395
sleep, 185, 663, 709, 764, 820, 824, 836, 837, 838, 843, 844, 845, 928, 939, 997, 1385, 1659, 1660, 1732, 1754, 1901, 2427, 2429, 2485
sleepers, 1007
sleeping, 857, 1800
sleeps, 1390
sleepy, 671, 852
sleights, 1698
slept, 627, 803
slipp, 957
slips, 1819
sliver, 1820
slope, 1859
slow, 378, 1298
smack, 124
smacking, 2182
smear, 852
smell, 2475
smells, 540
smile, 2307, 2806
smiles, 1092, 1951
smiling, 91, 649
smoke, 492
smoked, 95
smother, 324
snake, 1380, 1804
snares, 2936
snores, 794
snow, 2174
society, 1236, 1486
sold, 1526
soldier, 80, 2337, 2458, 2661, 2899, 2910
soldiers, 40, 2332, 2520, 2585, 2587, 2589, 2654, 2665, 2691, 2893
soldiership, 2676
sole, 2128
solely, 518
solemn, 1205
soliciting, 314
solicits, 2283
son, 18, 19, 22, 29, 32, 1259, 1344, 1468, 1682, 1744, 2001, 2038, 2040, 2043, 2046, 2048, 2052, 2054, 2056, 2059, 2061, 2063, 2069, 2098, 2102, 2532, 2652, 2768, 2898, 2899
song, 1705, 1839
sons, 398, 1144, 1737, 2911
soon, 625, 1709, 1770
sooner, 106, 2901
sooth, 115, 2743
sore, 839, 1112
sorely, 2478
sorriest, 1376
sorrow, 398, 1071, 1088, 2309, 2361, 2621, 2906, 2914
sorrows, 2121
sorry, 818, 819
sorts, 623
sought, 2247
soul, 1283, 1352, 2245, 2588, 2850
souls, 1990, 2274, 2384
sound, 222, 1957, 2353, 2633, 2724
soundly, 658
sounds, 1198
source, 1037
south, 874
sovereign, 518, 2557
sovereignty, 1150, 1909
sow, 1869
space, 2155
spacious, 2195
spaniels, 1295
sparrows, 114
speak, 132, 217, 227, 230, 248, 254, 284, 342, 519, 810, 991, 992, 1007, 1009, 1254, 1571, 1631, 1640, 1652, 1863, 1910, 2022, 2049, 2158, 2228, 2293, 2362, 2510, 2741, 2775, 2803, 2925
speaker, 2317
speakers, 240
speaking, 2260
speaks, 1490, 2453
special, 1625
speculation, 1604
speculative, 2680
speech, 1880, 2325, 2436, 2743
speeches, 1193, 1276, 1720
speed, 474
spells, 1689
spend, 732, 1692, 2915, 2929
spent, 85, 1368
spirit, 144, 1707, 1940
spirits, 460, 482, 1336, 1839, 2571
spite, 1314, 1901
spiteful, 1683
spoils, 1608
spoke, 359, 1273, 2127, 2472
spoken, 1064, 2229, 2288
spongy, 666
spot, 2452, 2456
spring, 104, 1036
sprites, 1001, 1699, 1955
spur, 563, 610
spurn, 1701
spurs, 1443
spy, 1339
stableness, 2218
stabs, 1054, 2100
staff, 2629
stage, 583, 1116, 2723
stake, 2787
stalls, 1127
stamp, 2287
stanchless, 2203
stand, 938, 1078, 1190, 1441, 1460, 1576, 1633, 1964, 2441, 2734
stands, 244, 1954, 2235, 2303, 2923
stared, 1044
stars, 404, 414
start, 221, 1944, 2548, 2709
starting, 2470
starts, 1564
state, 78, 323, 385, 1228, 1487, 2076, 2175
station, 1304, 2902
statute, 1579
staves, 2815
stay, 240, 253, 335, 1271, 2033, 2274
stays, 1708
stead, 2599
stealing, 909
steals, 1099
stealthy, 767
steel, 94, 1391
steep, 1056
step, 413
stepp, 1655
steps, 770
stern, 792
stick, 1245
sticking, 655, 2541
sticks, 2211
sting, 1808
stir, 329, 2707
stirring, 947, 954
stol, 1145
stole, 986
stone, 1799
stones, 771, 1640
stood, 84, 436, 822, 2443
stool, 1569
stools, 1585
stop, 247, 485
stopp, 1037
stopped, 1037
storehouse, 1155
storms, 103
story, 1566, 2729
stout, 270
straight, 1350, 1730
strange, 132, 246, 272, 304, 331, 511, 969, 1112, 1125, 1226, 1586, 1591, 1626, 1657, 1660, 2290
strangely, 1722, 2284
strangers, 2254, 2301
strangled, 1822
strangles, 1117
streaks, 1442
streams, 1401
strength, 847, 1699, 2695
stretch, 1945
strides, 768
striding, 606
strike, 745, 1466, 2121, 2814, 2830
stroke, 2812
strokes, 118, 2681
strong, 598, 944, 1070, 1425, 2145
strongly, 2455, 2535
struck, 1329, 2382
struts, 2722
stuck, 833
studied, 364
stuff, 1561, 2624, 2625
subject, 597, 1445
suborn, 1143
substances, 491
subtle, 1298
succeed, 2169
succeeding, 1259, 2289
success, 265, 315, 432, 588
suck, 647
sudden, 2182
suffer, 1075, 1383, 2168
suffering, 1770
suggestion, 318
suits, 773
summer, 537, 1624, 2212
summons, 708, 778, 1411
sun, 58, 102, 509, 2753
sundry, 1332, 2168, 2292
supernatural, 313
supp, 617, 2707
supper, 1205, 1218, 1237
supplied, 90
supplies, 109
surcease, 588
sure, 769, 1231, 1898, 2151, 2472
surfeited, 793
surgeons, 124
surgery, 2286
surmise, 324
surprise, 1987
surprised, 2355
surveying, 108
suspicion, 1146
swallow, 1855
swarm, 89
sway, 518, 2576
swear, 905, 2059
swearers, 2063, 2065
swears, 2055
sweat, 901
sweaten, 1871
sweep, 1325
sweet, 1530, 1918, 2224, 2623
sweeten, 2477
sweeter, 1236
sweetly, 535
swelling, 311
swells, 105
swelter, 1800
sweno, 148
swift, 1126, 1231, 1298, 1769
swiftest, 377
swimmers, 85
swine, 168
swinish, 662
swol, 2285
swoop, 2375
sword, 706, 715, 1614, 1989, 2118, 2166, 2213, 2385, 2391, 2803, 2816, 2843, 2853, 2857
swords, 2806
sworn, 651
syllable, 2123, 2718
table, 1497, 1544, 1594
tables, 1754
tail, 175
tailor, 908, 909
taint, 2570
taints, 2253
takes, 256, 936, 1307, 1749
taking, 604, 1097, 2146
tale, 2724
talk, 2071, 2614
taper, 2438
tarquin, 768
tarrying, 2751
tartar, 1821
taste, 2703
taught, 593
teach, 550, 593
tear, 1419, 1732
tears, 609, 1069
tedious, 1656
teems, 2318
teeth, 1521
tell, 121, 240, 306, 1743, 1878, 1900, 1923, 1924, 2490, 2863
tells, 2865
temper, 1247
temperance, 2218
temperate, 1049
tempest, 191
temple, 538, 986
tend, 482
tender, 648, 1417
tending, 477
terms, 2854
terrible, 138, 678, 971, 1385, 1581
thane, 13, 16, 20, 130, 134, 140, 152, 218, 219, 241, 242, 259, 281, 282, 285, 287, 295, 300, 304, 316, 438, 473, 510, 560, 846, 954, 1882, 2466
thanes, 398, 2574, 2630, 2826, 2893, 2931
thank, 312, 550, 552, 2278
thanks, 277, 296, 379, 742, 1484, 1494, 1518, 1884, 2943
thee, 123, 172, 177, 218, 219, 270, 277, 278, 279, 281, 378, 389, 390, 393, 442, 445, 459, 462, 464, 492, 707, 745, 747, 748, 753, 758, 778, 941, 982, 1193, 1194, 1424, 1436, 1494, 1501, 1521, 1602, 1892, 1897, 2051, 2066, 2152, 2153, 2237, 2239, 2250, 2382, 2574, 2581, 2634, 2743, 2849, 2850, 2854, 2863, 2870, 2871, 2873, 2924
theft, 1099
theirs, 567
theme, 312
thereto, 1825
therewithal, 1227
thickens, 1420
thief, 2546
thine, 201, 268, 283, 460, 631, 634, 1149, 2261, 2589, 2851
thing, 365, 760, 1125, 1204, 1607, 1722, 1923
things, 132, 222, 254, 337, 848, 926, 927, 1112, 1160, 1282, 1378, 1383, 1422, 1425, 1623, 1657, 1736, 2029, 2140, 2267, 2379, 2673
think, 340, 730, 848, 854, 944, 1378, 1606, 1627, 1737, 2149, 2154, 2159, 2161, 2510
thirst, 1596
thirty, 1799
thither, 174, 1159, 1687, 1749, 2335
thou, 83, 134, 167, 169, 178, 237, 376, 378, 444, 449, 450, 452, 454, 455, 456, 457, 458, 470, 630, 632, 633, 749, 750, 755, 769, 808, 884, 1115, 1187, 1189, 1406, 1409, 1416, 1424, 1465, 1504, 1505, 1506, 1550, 1571, 1604, 1605, 1610, 1645, 1801, 1866, 1878, 1880, 1884, 1885, 1899, 1940, 1942, 1981, 2041, 2045, 2049, 2071, 2096, 2098, 2151, 2152, 2154, 2233, 2240, 2390, 2581, 2582, 2587, 2620, 2631, 2637, 2729, 2741, 2742, 2744, 2795, 2796, 2802, 2803, 2805, 2812, 2815, 2817, 2853, 2855, 2856, 2862, 2880, 2922
thought, 322, 442, 819, 835, 913, 1278, 1342, 1556, 1727, 1879, 1986, 2129, 2462, 2939
thoughts, 482, 710, 881, 1377, 1720, 1986, 2138, 2246, 2680, 2708
thousand, 151, 2263, 2336, 2583
thousands, 2164
thralls, 1732
threat, 773
threaten, 1116
threescore, 1110
thrice, 201, 202, 1793, 1794
thriftless, 1148
throat, 833, 942, 1503
throats, 1504
throbs, 1923
throne, 385, 2192, 2235, 2293
throw, 365, 1797, 1872, 2423, 2628, 2766, 2882
thrusts, 1324
thumb, 194
thumbs, 1841
thunder, 50, 55, 163, 1668, 1790, 1876, 1889, 1901, 1903
thunders, 103
thy, 123, 265, 266, 274, 381, 446, 450, 471, 501, 630, 669, 744, 759, 771, 884, 947, 1190, 1352, 1418, 1551, 1603, 1614, 1879, 1884, 1941, 2049, 2151, 2152, 2233, 2234, 2236, 2242, 2246, 2251, 2262, 2586, 2588, 2591, 2729, 2743, 2794, 2811, 2857, 2858, 2861, 2924
thyself, 271, 1020, 1874, 2241, 2796
tidings, 468, 2326
tie, 1210
tied, 2787
tiger, 173, 1611, 1825
til, 2609
till, 97, 99, 141, 150, 344, 925, 1229, 1235, 1237, 1271, 1416, 1861, 1919, 2569, 2642, 2696, 2743, 2747, 2900
time, 228, 334, 340, 440, 511, 512, 590, 630, 644, 679, 693, 733, 772, 901, 972, 1026, 1111, 1178, 1218, 1230, 1235, 1237, 1339, 1488, 1520, 1578, 1581, 1608, 1764, 1785, 1795, 1922, 1981, 2126, 2196, 2257, 2331, 2410, 2432, 2458, 2677, 2704, 2715, 2718, 2872, 2923, 2930, 2934, 2942
timely, 956, 1444
times, 188, 1277, 2023
tis, 304, 585, 648, 705, 735, 800, 858, 960, 964, 1009, 1116, 1121, 1130, 1149, 1246, 1370, 1448, 1459, 1500, 1501, 1526, 1527, 1607, 1795, 1950, 1977, 2268, 2280, 2288, 2434, 2444, 2458, 2552, 2611, 2669, 2939
title, 154, 438, 2153, 2545, 2800
titles, 2011
toad, 1798
today, 965
toe, 483, 1806
toil, 1802, 1812, 1827
told, 310, 2724
tomorrow, 507, 1215, 1226, 1522, 1650, 2716, 2717
tongue, 462, 513, 981, 1399, 1807, 2351, 2388, 2729, 2865
tongued, 603
tongues, 1062, 2128
tonight, 469, 505, 565, 1205, 1341, 1353, 1364, 1396, 1461, 2773
took, 946, 2940
tooth, 1382, 1814
topple, 1857
torch, 700, 713, 1457
torches, 528, 579
torture, 1388
toss, 191
touch, 1393, 2013, 2130, 2275
towering, 1123
toys, 1028
trace, 1990
trade, 1056, 1675
traffic, 1675
tragedy, 3
trains, 2247
traitor, 140, 2052, 2054, 2057, 2097
traitors, 2007, 2024, 2056
trammel, 587
transport, 2326
transported, 501
transpose, 2138
traveler, 1443
traveling, 1117
treacherous, 2134
treachery, 1464, 2101
tread, 2165
treason, 906, 995, 1391
treasonous, 1080
treasons, 293, 360
treasure, 1860
treatise, 2706
treble, 1949
tree, 1904, 1918, 2742
trees, 1640, 1856
tremble, 1613
trembling, 1615
trenched, 1516
trifle, 366
trifled, 1113
trifles, 307
troops, 2598
trouble, 549, 552, 959, 1802, 1810, 1812, 1827
troubled, 1115, 2617
troubles, 2503, 2622
true, 284, 418, 473, 1321, 1565, 1950, 2315, 2675
truest, 2234
truly, 2261, 2552
trumpet, 603, 1006
trumpets, 2775
trust, 107, 370, 596, 1975
trusted, 302, 1045
truth, 222, 316, 729, 1192, 2246, 2259, 2420, 2747
truths, 306, 310
try, 2881
tuesday, 1122
tugg, 1316
tumble, 1860
tune, 260, 2393
turk, 1821
turn, 339, 1127, 2848
turning, 896
turns, 1762
twain, 1220
twas, 975
twere, 366, 585, 882, 1739
twice, 554
twixt, 1218
twofold, 1949
twould, 1734
tyranny, 2151, 2191, 2936
tyrant, 1741, 1745, 2128, 2155, 2165, 2232, 2323, 2330, 2534, 2667, 2773, 2802, 2811, 2825, 2875
ulcerous, 2285
unaccompanied, 403
unattended, 877
unbatter, 2816
unbecoming, 1204
unbend, 847
uncle, 2523, 2767
undaunted, 669
undeeded, 2817
understand, 212
understood, 1641
underwrit, 2874
undivulged, 1079
undone, 459, 2753
unfelt, 1088
unfix, 318, 1918
unfold, 1769
unfortunate, 1989
unguarded, 665
unity, 2226
universal, 2225
university, 689, 1174, 1781, 2406
unjust, 2208
unkindness, 1540
unknown, 1878, 2255
unless, 1983
unlineal, 1258
unlock, 2423
unmake, 647
unmann, 1575
unmannerly, 1057
unnatural, 1121, 2502, 2503
unprepared, 724
unprovokes, 930
unreal, 1617
unrough, 2532
unruly, 967
unsafe, 1400
unsanctified, 2096
unseam, 99
unsex, 482
unshrinking, 2902
unspeak, 2252
unsure, 2680
untie, 1853
untimely, 2192, 2864
untitled, 2232
unto, 303, 536, 1692
unusual, 719
unwelcome, 2267
unwiped, 1042
upbraid, 2542
uplifted, 2162
uproar, 2225
upward, 2030
urine, 928
use, 151, 320, 332, 691, 756, 1176, 1661, 1783, 2408, 2729
used, 407, 672, 692, 1177, 1784, 2409
using, 1377
usually, 1452
usurper, 2923
utterance, 1267
valiant, 101, 418, 1724, 2537
valor, 96, 106, 461, 632, 1249
valued, 1297
vanish, 249, 251, 1962
vanished, 435
vanquish, 1913
vantage, 108, 291, 541
vaporous, 1695
vault, 1030
vaulting, 611
venom, 1520, 1800
venture, 266
verities, 1194
verity, 2218
version, 686, 1171, 1778, 2403
vessel, 1262
vessels, 1689
vice, 2172
vices, 2167
victory, 145
viewing, 269
vii, 579, 2782
viii, 2837
vile, 1312
villain, 2098, 2154, 2584, 2854
villainies, 88
violent, 1051, 2026, 2309, 2939
virtue, 2291
virtues, 603
virtuous, 2136
vision, 749
visited, 2284
visitings, 486
vizards, 1402
voice, 836, 2853
voices, 2926
volume, 1111
voluptuousness, 2184
vouch, 1526
vulnerable, 2858
vulture, 2198
wade, 1655
wail, 1328
wait, 491, 635, 1531
waiting, 2417
wake, 822, 884, 1751
wakes, 628
walk, 770, 1000, 1454, 1724, 1726
walked, 2420, 2485
walking, 2431, 2721
wall, 2124
walls, 2693
want, 1727
wanton, 397
wants, 1661, 2013
war, 1129, 1759, 2682, 2826
warder, 660
warders, 1857
warlike, 1751, 2263, 2882
warrant, 1098
warranted, 2266
wash, 849, 865, 2488
washing, 2449
wassail, 659
wast, 640, 1467, 1976, 2805
wasteful, 1055
watch, 767, 1445, 2734
watched, 2419
watchers, 880
watchful, 2936
watching, 2429
water, 250, 849, 875, 2632
waterrugs, 1296
waves, 1855
way, 248, 414, 452, 711, 755, 770, 915, 1096, 1467, 1648, 1654, 1842, 2027, 2528, 2595, 2720, 2811, 2824
ways, 835, 2168, 2223
wayward, 1682
weak, 92, 2132
weal, 1579, 2553
wealth, 2209
weapons, 2806
wear, 873, 1309, 2140, 2152, 2166
wears, 1908
weary, 188, 1316
weeds, 2557
weep, 2069, 2116
weeps, 2160
weigh, 341, 2216
weighs, 2625
weighty, 1332
weird, 198, 439, 728, 1188, 1651, 1970
welcome, 388, 421, 512, 1236, 1483, 1488, 1490, 1527, 1960, 2267, 2299
went, 259, 923, 1286, 2421
west, 1442
western, 89
whate, 1884
whereabout, 771
wherefore, 831, 1048, 2712
whereon, 1974
whereto, 657
wherewith, 557
whetstone, 2385
whey, 2589
whiles, 436, 773, 1423, 2843
whilst, 1381
whined, 1794
whisperings, 2502
whispers, 2362
white, 873
wholesome, 2233
whore, 92
wicked, 763, 1842
widows, 2120
wife, 16, 18, 170, 409, 721, 1405, 1989, 2010, 2144, 2319, 2355, 2364, 2367, 2466, 2813
wild, 209, 1127, 2026
william, 6, 687, 1172, 1779, 2404
willing, 2197
wilt, 1148, 2045, 2067
win, 305, 307, 456, 2247
wind, 177, 253, 609, 2754
winds, 1853
wine, 659, 1029, 1593
wing, 377, 1421, 1809
wink, 416
winter, 1566
wiped, 2245
wisdom, 1248, 1702, 1767, 2009, 2010, 2017, 2132, 2248
wise, 1049, 2021
wisely, 1733
wish, 1231, 2753, 2912
wishest, 459
wit, 2049, 2051
witch, 54, 56, 58, 59, 60, 61, 62, 167, 168, 169, 170, 172, 177, 178, 179, 180, 193, 194, 196, 218, 219, 220, 232, 233, 234, 235, 236, 237, 239, 1672, 1709, 1793, 1794, 1795, 1796, 1804, 1814, 1815, 1829, 1841, 1863, 1864, 1865, 1866, 1869, 1879, 1886, 1931, 1932, 1933, 1953
witchcraft, 764
witches, 31, 32, 52, 165, 249, 1670, 1792, 1832, 1961
withal, 227, 464, 721, 860, 2162
wither, 209, 765
witness, 849, 2329, 2435
wives, 2184
woe, 1017, 2347
woeful, 972
wolf, 766, 1814
wolves, 1296
woman, 488, 1010, 1566, 1895, 2255, 2387, 2571, 2574, 2789, 2805, 2807, 2860, 2880
womanly, 2089
womb, 2864
women, 214, 1188, 2332, 2700, 2702
won, 57, 156
wonder, 436, 1625
wonders, 267
wood, 1421, 1914, 1920, 2528, 2569, 2650, 2659, 2660, 2736, 2748, 2749, 2879
wooingly, 540
wool, 1807
word, 309, 1239, 1885, 1978, 2715, 2869
words, 123, 260, 732, 774, 1366, 1424, 1740, 2341, 2361, 2852
work, 1077, 1343, 1753, 2281
works, 686, 1171, 1778, 2403
world, 687, 763, 1137, 1172, 1313, 1314, 1779, 2086, 2404, 2753
worlds, 1383
worm, 1519, 1808
worms, 2039
worn, 624
worse, 1631, 1681, 2081
worst, 1305, 1391, 1653, 2029
worth, 758, 2906, 2914, 2916
worthiest, 374
worthy, 87, 101, 130, 134, 282, 335, 411, 418, 499, 846, 954, 1553, 1587, 1590, 2328, 2767, 2769
wouldst, 452, 454, 455, 456, 632
wound, 203, 493
wounds, 119, 123, 2161
wrack, 2754
wrath, 2738
wrathful, 1683
wreck, 195, 292
wren, 2013
wrench, 1258
wretched, 2273, 2814
write, 2424
writes, 1303
written, 2622
wrongly, 456
wrongs, 2152
wrought, 337, 726, 1282, 1693
yawning, 1412
yell, 2122
yellow, 2596
yes, 113, 2045
yesterday, 1273
yesterdays, 2719
yesty, 1854
yew, 1820
yield, 317, 2860, 2871, 2876
yoke, 2159
young, 28, 976, 1662, 2015, 2101, 2130, 2792, 2794, 2796, 2799, 2802, 2804, 2877
younger, 19
yourselves, 992, 1338, 1347
youth, 1554
youths, 2532
